$ANSIBLE_VAULT;1.1;AES256
35343737346562333534653732366434363965326264396534353762643733656362363764626364
3939646261613032386261366261616339626438333232380a323965336665313430613265643537
32643739643765343630376238333864663161383335373437656537623766313763343136636432
3636343163646161660a633639343732616335343761316134663136323135323865626561346564
66313633656137613265613465376536643433396365373639363264313435626236303938303139
64303234653563346335343731393565353032373431663862323832616434333436643766653066
32353030326333326131373839303832346238316438366134346662616263623934363865363630
35353939323635636564323866383466623634643739336638643364303764343336353862336162
65623330333834353037636365636263653265346537306131353835383365636535376131353437
61346332616462393764626461366262303266613038323266343836643461616135633939333966
323337313238343532343831356538663132
